144
152
153
1551
1556
1557
1559
1560
1570
1571
1572
1573
1574
1575
1576
1577
1578
1579
1580
1581
1584
1585
1587
1588
1589
1590
1591
1592
1594
1595
1596
1597
1598
1599
1600
1601
1602
1603
1604
1605
1606
1607
1608
1609
1610
1611
1612
1613
1614
1615
1618
1619
1620
1621
1622
1623
1624
1625
1626
1632
1633
1636
1637
1638
1639
1640
1641
1642
1643
1644
1645
1648
1649
1651
1652
1656
1657
1658
1659
1661
1662
1663
1664
1665
1666
1667
1668
1669
1671
1672
1675
1682
1683
1684
1685
1686
1687
1688
1689
1690
1691
1692
1693
1694
1695
1696
1697
1698
1699
1700
1701
1702
1703
1704
1705
1706
1707
1708
1709
1710
1711
1712
1713
1714
1715
1716
1717
1718
1719
1720
1721
1722
1723
1724
1725
1726
1727
1728
1729
1730
1731
1732
1733
1734
1735
1736
1737
1741
1742
1743
1744
1745
1746
1747
1748
1749
1750
1751
1752
1753
1754
1755
1756
1757
1758
1759
1760
1761
1762
1763
1764
1765
1766
1767
1768
1769
1770
1771
1772
1773
1774
1775
1776
1777
1778
1779
1780
1781
1782
1783
1784
1785
1786
1787
1788
1789
1790
1791
1792
1793
1794
1795
1796
1797
1798
1799
1800
1801
1802
1803
1804
1805
1806
1807
1808
1809
1810
1811
1812
1813
1814
1815
1816
1817
1818
1819
1820
1821
1822
1823
1824
1825
1826
1827
1828
1829
1830
1831
1832
1833
1834
1835
1836
1837
1838
1839
1840
1841
1842
1843
1844
1845
1846
1847
1848
1849
1850
1851
1852
1853
1854
1855
1856
1857
1858
1859
1860
1861
1862
1863
1864
1865
1866
1867
1868
1869
1870
1871
1872
1873
1874
1875
1876
1877
1878
1879
1880
1881
1882
1883
1884
1885
1886
1887
1888
1889
1890
1891
1892
1893
1894
1895
1896
1897
1898
1899
1901
1902
1903
1904
1905
1906
1907
1908
1909
1910
1911
1912
1913
1914
1915
1916
1917
1918
1919
1920
1921
1922
1923
1924
1925
1926
1927
1928
1929
1930
1931
1932
1933
1934
1935
1936
1937
1938
1939
1940
1941
1942
1943
1944
1945
1946
1947
1948
1949
1950
1951
1952
1953
1954
1955
1956
1957
1958
1959
1960
1961
1962
1963
1964
1965
1966
1967
1968
1969
1970
1971
1972
1973
1974
1975
1976
1977
1978
1979
1980
1981
1982
1983
1984
1985
1986
1987
1988
1989
1990
1991
1992
1993
1994
1995
1996
1997
1998
1999
2000
2001
2002
2003
2004
2005
2006
2007
2008
2009
2010
2011
2012
2013
2014
2015
2016
2017
2018
2019
2020
2021
2022
2023
2024
2025
2026
2027
2028
2029
2030
2031
2032
2033
2034
2035
2036
2037
2038
2039
2040
2041
2042
2043
2044
2045
2046
2047
2048
2049
2050
2051
2052
2053
2054
2055
2056
2057
2058
2059
2060
2061
2062
2063
2064
2065
2066
2067
2068
2069
2070
2071
2072
2073
2074
2075
2076
2077
2078
2079
2080
2081
2082
2083
2084
2085
2086
2087
2088
2089
2090
2091
2092
2093
2094
2095
2096
2097
2098
2099
2100
2101
2102
2103
2104
2105
2106
2107
2108
2109
2110
2111
2112
2113
2114
2115
2116
2117
2118
2119
2120
2121
2122
2123
2124
2125
2126
2127
2128
2129
2130
2814
2815
2816
2817
2818
2819
2820
2821
2822
2823
4931
4942
5437
5813
5814
5815
6071
6319
6323
8784
8914
11307
11309
11310
11311
11312
11313
11314
11315
11316
11317
11318
11319
11321
11323
11324
11325
11326
11327
11328
11329
11331
11332
11333
11336
11337
11340
11341
11343
11427
11435
11437
11438
11441
11443
11444
11445
11447
11448
11449
11450
11451
11452
11453
11456
11457
11458
11459
11460
11461
11462
11469
11471
11472
11473
11483
11486
11487
11488
11489
11490
11491
11493
11495
11496
11498
11502
11503
11504
11512
11514
11515
11516
11517
11518
11520
11521
11522
11523
11524
11525
11526
11527
11528
11529
11530
11536
11537
11541
11544
12968
12969
12970
12974
12977
12979
12981
12982
12983
12984
12985
12986
12987
12988
12990
13010
13011
13013
13014
13016
13017
13018
13020
13021
13022
13023
13024
13025
13026
13027
13028
13029
13030
13032
13033
13034
13036
13037
13038
13039
13040
13041
13042
13043
13044
13045
13046
13053
13056
13057
13059
13060
13061
13062
13063
13064
13065
13066
13067
13068
13069
13070
16482
17639
17766
20132
20156
20157
20158
20159
20160
20161
20162
20163
20164
20165
20166
20167
20168
20169
20170
20171
20172
20173
20174
20175
20176
20177
20178
20179
20180
20181
20182
20183
20184
20185
20186
20187
20188
20189
20190
20191
20192
20193
20194
20195
20196
20197
20198
20199
20200
20201
20202
20203
20204
20205
20206
20207
20208
20209
20210
20211
20212
20213
20214
20215
20216
20217
20218
20219
20220
20221
20222
20223
20224
20225
20226
20227
20898
20906
20908
20913
20915
20916
20917
20918
20919
20920
20921
20922
20923
20924
20925
20926
20927
20928
20930
20931
20932
20933
20935
20936
20937
20938
20940
20941
20942
20943
20944
20945
20951
20952
20953
20954
20957
20958
20960
20961
20962
20963
20964
20965
20966
20967
20968
20969
20970
20972
20974
20975
20984
20985
20993
20994
20995
21000
21002
21003
21004
21006
21007
21009
21010
21011
21012
21013
21014
21015
21018
21019
21020
21021
21022
21023
21024
21031
21034
21035
21036
21037
21038
21039
21041
21042
21043
21044
21045
21046
21047
21048
21049
21050
21054
21055
21059
21060
21061
21062
21063
21064
21065
21066
21067
21076
21078
21080
21086
21087
21088
21089
21090
21091
21092
21093
21094
21095
21097
21098
21099
21100
21101
21102
21103
21104
21105
21106
21107
21108
21112
21115
21116
21117
21118
21119
21121
21123
21125
21127
21128
21130
21131
21132
21133
21134
21136
21137
21138
21140
21143
21144
21145
21146
21147
21148
21152
21153
21156
21159
21160
21162
21163
21164
21165
21166
21167
21168
21170
21171
21172
21173
21175
21176
21177
21192
21194
21196
21198
21199
21200
21201
21202
21203
21204
21205
21206
21207
21208
21209
21210
21217
21218
21220
21225
21226
21228
21236
21241
21242
21243
21244
21245
21247
21248
21249
21252
21253
21254
21273
21274
21277
21278
21279
21281
21282
21283
21284
21285
21286
21287
21288
21289
21290
21291
21292
21293
21294
21295
21296
21297
21298
21299
21301
21302
21303
21305
21306
21307
21308
21309
21310
21312
21313
21314
21315
21318
21320
21324
21326
21327
21328
21329
21330
21331
21332
21333
21335
21336
21341
21343
21348
21349
21350
21351
21352
21353
21354
21355
21356
21357
21358
21359
21360
21361
21362
21363
21364
21365
21366
21368
21369
21382
21384
21385
21395
21396
21397
21398
21399
21402
21403
21404
21405
21406
21408
21410
21413
21415
21416
21417
21419
21421
21424
21425
21427
21428
21429
21430
21436
21448
21449
21453
21454
21455
21457
21459
21463
21465
21466
21468
21469
21476
21477
21478
21479
21480
21481
21482
21483
21484
21485
21486
21487
21488
21489
21491
21492
21493
21495
21496
21497
21498
21499
21500
21501
21502
21507
21509
21510
21512
21513
21514
21515
21516
21517
21521
21526
21529
21531
21532
21533
21534
21535
21536
21538
21539
21542
21544
21545
21546
21547
21548
21559
21560
21570
21571
21572
21573
21574
21575
21576
21577
21584
21588
21591
21595
21596
21597
21598
21599
21600
21601
21602
21603
21604
21605
21606
21608
21615
21616
21619
21621
21622
21623
21624
21625
21626
21627
21630
21632
21633
21634
21637
21638
21639
21640
21641
21642
21643
21649
21650
21652
21653
21654
21655
21656
21657
21658
21659
21660
21661
21662
21663
21665
21666
21667
21670
21680
21682
21683
21689
21692
21693
21694
21697
21698
21699
21700
21701
21702
21703
21704
21705
21706
21707
21708
21709
21710
21711
21712
21713
21714
21715
21716
21717
21718
21719
21720
21721
21722
21723
21724
21731
21732
21734
21735
21736
21737
21738
21739
21741
21743
21746
21748
21749
21751
21752
21753
21754
21765
21766
21768
21770
21771
21772
21773
21775
21777
21778
21779
21780
21781
21782
21784
21785
21786
21787
21790
21791
21792
21793
21794
21797
21799
21800
21801
21806
21807
21808
21810
21811
21812
21813
21814
21815
21816
21817
21819
21828
21830
21831
21835
21836
21838
21839
21840
21841
21843
21844
21846
21847
21848
21849
21850
21851
21853
22112
22113
22114
22115
22116
22118
22122
22123
22124
22126
24337
24345
24349
24350
24351
24352
24353
24354
24355
24356
24368
24369
24370
24371
24372
24373
24374
24375
24376
24377
24378
24379
24380
24381
24382
24383
24384
24385
24386
24387
24388
24389
25001
25061
25062
26363
26365
26369
26371
26374
26375
26376
26377
26384
26385
26387
26392
26400
26406
26409
26412
26415
26418
26419
26422
26423
26424
26425
26426
26427
26428
26429
26430
26431
26432
26433
26434
26435
26436
26437
26438
26439
26440
26441
26442
26443
26444
26445
26446
26447
26448
26449
26450
26451
26452
26453
26454
26455
26456
26457
26458
26459
26460
26461
26462
26463
26464
26465
26466
26467
26468
26469
26470
26471
26472
26473
26474
26475
27269
27271
27273
27279
27280
27287
27304
27307
27308
27312
27314
27315
27316
27354
27361
27726
27727
27728
27729
27730
27731
27732
27733
27734
27735
27736
27737
27738
27739
27740
27741
27743
27744
27745
27748
27750
27751
27763
27765
27766
28510
28511
28512
28513
28514
28515
30002
30019
30028
30031
30036
30037
30085
30133
30337
30339
30340
30344
30345
30347
30348
34005
34222
34223
34224
34225
34226
34228
34229
34230
34231
34232
34256
34257
34293
34295
34327
34328
34329
34330
34331
34345
34347
34354
34355
34434
34435
34436
34437
34438
34462
34463
34464
34465
34466
34467
34473
34475
34476
34477
34478
34593
34598
38897
38898
38899
38900
38901
38902
39394
39395
39397
39398
39410
39418
39435
39442
39447
39448
39451
39470
39474
40122
40152
40153
40158
40165
40175
40185
40200
40208
40209
40210
40211
40213
40215
40216
40217
40218
40222
40223
40224
40226
40229
40231
40237
40239
40243
40244
40349
40361
40362
40972
40978
40980
40981
41099
41100
41110
41198
41257
41258
41259
41262
41264
41265
41266
41267
41268
41313
50005
50006
50007
50008
50009
50010
50011
50012
50013
50014
50015
50016
50017
50018
50019
50020
50021
50022
50023
50024
50025
50026
50027
50028
50029
50030
50031
50032
50033
50034
50035
50036
50037
50038
50039
50040
50041
50042
50043
50045
50046
50047
50048
50049
50050
50051
50052
50053
50054
50055
50056
50057
50058
50059
50060
50061
50062
50063
50064
50065
50066
50067
50068
50069
50070
50071
50072
50073
50074
50075
50076
50077
50078
50091
50092
50093
50094
50098
50392
50410
50415
51266
51280
51741
51744
51753
51754
51756
51767
51769
51771
51784
51787
51834
51844
51883
51892
51896
51904
51910
51914
51917
51919
51928
51932
51935
51947
51951
51955
51958
51964
51971
51975
51976
51996
52007
52021
52037
52038
52041
52054
52063
52072
52075
52076
52077
52081
52485
52487
52488
52490
52592
52616
52619
52620
52621
52623
52628
52630
52634
52637
52642
52649
52659
52661
52663
52664
52666
52670
52671
52714
52721
52722
52723
52770
52772
52787
52796
52797
52798
52803
52804
52813
52815
52824
52825
52827
52829
52838
52849
52861
52873
52874
52877
52878
52880
52885
52886
52889
52896
52911
52913
52929
52931
52974
52978
52985
53003
53005
53094
53095
53096
53136
53237
53238
53239
53241
53244
53250
53251
53256
53258
53261
53263
53264
53269
53286
53302
53304
53307
53308
55549
56366
56374
56377
56380
56382
56383
56387
56390
56391
56394
56398
56399
56402
56403
56417
56436
56443
56491
56495
57154
57156
57297
57304
57305
57315
57316
57317
57321
57323
57325
57326
57328
57329
57332
57458
57459
57466
57467
57468
57469
57470
57484
57508
58941
58985
58986
58987
58988
58989
58990
58991
58992
58993
58994
58995
58996
58997
59001
59002
59003
59004
59005
59006
59007
59008
59009
59010
59011
59012
59013
59015
59016
59017
59018
59019
59020
59021
59022
59023
59024
59025
59026
59027
59028
59029
59030
59031
59032
59033
59034
59035
59036
59037
59038
59039
59040
59041
59042
59043
59044
59045
59046
59047
59048
59049
59050
59051
59052
59053
59054
59055
59056
59057
59058
59059
59060
59061
59062
59063
59064
59065
59066
59067
59068
59069
59070
59071
59072
59073
59074
59075
59076
59077
59078
59079
59080
59081
59082
59083
59084
59085
59086
59087
59088
59089
59090
59091
59092
59093
59094
59095
59096
59097
59098
59099
59100
59101
59102
59103
59104
59105
59106
59107
59108
59109
59110
59111
59112
59113
59114
59115
59116
59117
59118
59119
59120
59121
59122
59123
59124
59125
59126
59127
59128
59129
59130
59131
59132
59133
59134
59135
59136
59137
59138
59139
59140
59141
59142
59143
59144
59145
59146
59147
59148
59149
59150
59151
59152
59153
59154
59155
59156
59157
59158
59159
59160
59161
59162
59163
59164
59165
59166
59167
59168
59169
59170
59171
59172
59173
59174
59175
59176
59177
59178
59179
59180
59181
59182
59183
59184
59185
59186
59187
59188
59189
59190
59191
59192
59193
59194
59195
59196
59197
59198
59199
59200
59201
59202
59203
59204
59205
59206
59207
59208
59209
59210
59211
59212
59213
59214
59215
59216
59217
59218
59219
59220
59221
59222
59223
59224
59225
59226
59227
59228
59229
59230
59231
59232
59233
59234
59235
59236
59237
59238
59239
59240
59241
59242
59243
59244
59245
59246
59247
59248
59249
59250
59251
59252
59253
59254
59255
59256
59257
59258
59259
59260
59261
59262
59263
59264
59265
59266
59267
59268
59269
59270
59271
59272
59273
59274
59275
59276
59277
59278
59279
59280
59281
59282
59283
59284
59285
59286
59287
59288
59289
59290
59291
59292
59293
59294
59295
59296
59297
59298
59299
59300
59301
59302
59303
59304
59305
59306
59307
59308
59309
59310
59311
59312
59313
59314
59315
59316
59317
59318
59319
59320
59321
59322
59323
59324
59325
59326
59327
59328
59329
59330
59331
59332
59333
59334
59335
59336
59337
59338
59339
59340
59341
59342
59343
59344
59345
59346
59347
59348
59349
59350
59351
59352
59353
59354
59355
59356
59357
59358
59359
59360
59361
59362
59363
59364
59365
59366
59367
59368
59369
59370
59371
59372
59373
59374
59375
59376
59377
59378
59379
59380
59381
59382
59383
59384
59385
59386
59387
59388
59389
59390
59391
59392
59393
59394
59395
59396
59397
59398
59399
59400
59401
59402
59403
59404
59405
59406
59407
59408
59409
59410
59411
59412
59413
59414
59415
59416
59417
59418
59419
59420
59421
59422
59423
59424
59425
59426
59427
59428
59429
59430
59431
59432
59433
59434
59435
59436
59437
59438
59439
59440
59441
59442
59443
59444
59445
59446
59447
59448
59449
59450
59451
59452
59453
59454
59455
59456
59457
59458
59459
59460
59461
59462
59463
59464
59465
59466
59467
59468
59469
59470
59471
59472
59473
59474
59475
59476
59477
59478
59479
59480
59481
59482
59483
59484
59485
59486
59487
59488
59489
59490
59491
59492
59493
59494
59495
59496
59497
59498
59499
59500
59501
59502
59503
59504
59505
59506
59507
59508
59509
59510
59511
59512
59513
59514
59515
59516
59517
59518
59519
59520
59521
59522
59523
59524
59525
59526
59527
59528
59529
59530
59531
59532
59533
59534
59535
59536
59537
59538
59539
59540
59541
59542
59543
59544
59545
59546
59547
59548
59549
59550
59551
59552
59553
59554
59555
59556
59557
59558
59559
59560
59561
59562
59563
59564
59565
59566
59567
59568
59569
59570
59571
59572
59573
59574
59575
59576
59577
59578
59579
59580
59581
59582
59583
59584
59585
59586
59587
59588
59589
59590
59591
59592
59593
59594
59595
59596
59597
59598
59599
59600
59601
59602
59603
59604
59605
59606
59607
59608
59609
59610
59611
59612
59613
59614
59615
59616
59617
59618
59619
59620
59621
59622
59623
59624
59625
59626
59627
59628
59629
59630
59631
59632
59633
59634
59635
60706
60707
60708
60709
60710
60711
60712
60713
60714
60715
60716
60717
60718
60719
60720
60721
60722
60723
60724
60725
60726
60727
60728
60729
60730
60731
60732
60733
60734
60735
60736
60737
60738
60739
60740
60741
60742
60743
60744
60745
60746
60747
60748
60749
60750
60751
60752
60753
60754
60755
60756
60757
60758
60759
60760
60761
60762
60763
60764
60765
60766
60767
60768
60769
60770
60771
60772
60773
60774
60775
60776
60777
60778
60779
60780
60781
60782
60783
60784
61379
61380
61381
61382
61383
61384
61385
61386
61388
61389
61390
61391
61860
61861
61862
61863
62006
62007
62008
62009
62010
62011
62012
62013
62014
62015
62016
62017
62018
62019
62020
62021
62022
62023
62024
62025
62026
62027
62028
62029
62030
62031
62032
62033
62034
62035
62036
62037
62038
62039
62040
62041
62042
62043
62044
62045
62046
62047
62048
62049
62050
62051
62052
62053
62054
62055
62056
62057
62058
62059
62060
62061
62062
62063
62064
62065
62066
62067
62068
62069
62070
62071
62072
62073
62074
62075
62076
62077
62078
62080
62081
62082
62084
62085
62086
62087
62088
62089
62090
62091
62092
62093
62094
62095
62096
62097
62098
62099
62100
62101
62102
62103
62104
62105
62106
62107
62108
62109
62110
62111
62112
62113
62114
62115
62116
62117
62118
62119
62120
62121
62122
62123
62124
62125
62126
62127
62128
62129
62130
62131
62132
62133
62134
62135
62136
62137
62138
62139
62140
62141
62142
62143
62144
62145
62146
62147
62148
62149
62150
62151
62152
62153
62154
62155
62156
62157
62158
62159
62160
62161
62162
62163
62164
62165
62166
62167
62168
62169
62170
62171
62172
62173
62174
62175
62176
62177
62178
62179
62180
62181
62182
62183
62184
62185
62186
62187
62188
62189
62190
62191
62192
62193
62194
62195
62196
62197
62198
62199
62200
62201
62202
62203
62204
62205
62206
62207
62208
62209
62210
62211
62212
62213
62214
62215
62216
62217
62218
62219
62220
62221
62222
62223
62224
62225
62226
62227
62228
62229
62230
62231
62232
62233
62234
62235
62236
62237
62238
62239
62240
62241
62242
62243
62244
62245
62246
62247
62663
62670
62681
62682
62683
62684
62685
62686
62687
62688
62689
62690
62691
62692
62693
62694
62695
62696
62697
62698
62699
62700
62701
62702
62703
62704
62705
62706
62707
62708
62709
62710
62711
62712
62713
62714
62715
62716
62717
62718
62719
62720
62721
62722
62723
62724
62725
62726
62727
62728
62729
62730
62731
62732
62733
62734
62735
62736
62737
62738
62739
62740
62741
62742
62743
62744
62745
62746
62747
62748
62749
62750
62751
62752
62753
62754
62755
62756
62757
62758
62773
62774
62775
62776
62777
62778
62779
62780
62781
62782
62783
62784
62785
62786
62787
62788
62789
62790
62791
62792
62793
62794
62795
62796
62797
62798
62799
62800
62801
62802
62803
62804
62805
62806
62807
62808
62809
62810
62811
62812
62813
62814
62815
62816
62817
62818
62819
62820
62821
62822
62823
62824
62825
62826
62827
62828
62829
62830
62831
63380
63381
63382
63383
63384
63385
63386
63387
63388
63389
63502
63814
63816
63817
63818
63819
63820
63821
63822
63823
63824
63825
63826
63827
63828
63829
63830
63831
63832
63833
63834
63835
63836
63837
63838
63839
63840
63842
63843
63844
63845
63846
63847
63848
63849
63850
63851
63852
63853
63854
63855
63856
63857
63858
63859
63860
63864
63865
63866
63867
63868
63869
63870
63871
63872
63873
63874
63875
63876
63877
63878
63879
63880
63881
63882
63883
63884
63885
63886
63887
63888
63889
63890
63891
63892
63893
63894
63895
63896
63897
63898
63899
63900
63901
63902
63903
63904
63905
63906
63907
63908
63909
63910
63911
63912
63913
63914
63915
63916
63917
63918
63919
63920
63921
63922
63923
63924
63925
63926
63927
63928
63929
63930
63931
63932
63933
63934
63935
63936
63937
63938
63939
63940
63941
63942
63943
63944
63945
63946
63947
63948
63949
63950
63951
63952
63953
63954
63955
63956
63957
63958
63959
63960
63961
63962
63963
63964
64002
64003
64004
64005
64006
64183
64189
64260
64261
64262
64263
64264
64265
64266
64267
64268
64269
64270
64271
64272
64273
64274
64275
64276
64277
64278
64279
64280
64281
64282
64283
64284
64285
64286
64287
64288
64289
64290
64291
64292
64293
64294
64295
64296
64297
64298
64299
64300
